    Probes_Wake_BoundaryLayer
    {
        type                probes;
        libs                ("libsampling.so");
        writeControl        timeStep;
        writeInterval       2;
        fixedLocations      false;   
            fields
            (
                U
                p
                gradU
            );
      
        // number of probes: 40 
        
        probeLocations
        (
( 0.15069 0.008642827674799 1 )
( 0.15069 0.007392827674799 1 )
( 0.15069 0.006142827674799 1 )
( 0.15069 0.004892827674799 1 )
( 0.15069 0.003642827674799 1 )
( 0.15069 0.002392827674799 1 )
( 0.15069 0.001142827674799 1 )
( 0.15069 -0.000107172325201 1 )
( 0.15069 -0.001357172325201 1 )
( 0.15069 -0.002607172325201 1 )
( 0.15069 -0.003857172325201 1 )
( 0.15069 -0.005107172325201 1 )
( 0.15069 -0.006357172325201 1 )
( 0.15069 -0.007607172325201 1 )
( 0.15069 -0.008857172325201 1 )
( 0.15069 -0.010107172325201 1 )
( 0.15069 -0.011357172325201 1 )
( 0.15069 -0.012607172325201 1 )
( 0.15069 -0.013857172325201 1 )
( 0.15069 -0.015107172325201 1 )
( 0.15069 -0.016357172325201 1 )
( 0.15069 -0.017607172325201 1 )
( 0.15069 -0.018857172325201 1 )
( 0.15069 -0.020107172325201 1 )
( 0.15069 -0.021357172325201 1 )
( 0.15069 -0.022607172325201 1 )
( 0.15069 -0.023857172325201 1 )
( 0.15069 -0.025107172325201 1 )
( 0.15069 -0.026357172325201 1 )
( 0.15069 -0.027607172325201 1 )
( 0.15069 -0.028857172325201 1 )
( 0.15069 -0.030107172325201 1 )
( 0.15069 -0.031357172325201 1 )
( 0.15069 -0.032607172325201 1 )
( 0.15069 -0.033857172325201 1 )
( 0.15069 -0.035107172325201 1 )
( 0.15069 -0.036357172325201 1 )
( 0.15069 -0.037607172325201 1 )
( 0.15069 -0.038857172325201 1 )
( 0.15069 -0.040107172325201 1 )
( 0.15069 -0.041357172325201 1 )
( 0.15069 -0.042607172325201 1 )
( 0.15069 -0.043857172325201 1 )
( 0.15069 -0.045107172325201 1 )
( 0.15069 -0.046357172325201 1 )
( 0.15069 -0.047607172325201 1 )
( 0.15069 -0.048857172325201 1 )
( 0.15069 -0.050107172325201 1 )
( 0.15069 -0.051357172325201 1 )
( 0.15069 -0.052607172325201 1 )
( 0.15069 -0.053857172325201 1 )
( 0.15069 -0.055107172325201 1 )
( 0.15069 -0.056357172325201 1 )

        );
    }
