    Probes_SS
    {
        type                probes;
        libs                ("libsampling.so");
        writeControl        timeStep;
        writeInterval       2;
        fixedLocations      false;

      
            fields
            (
                U
                p
  gradU
            );
      
        // number of probes: 220        
        
 probeLocations  
 (  
// l_rel_soll=0.0 l_rel_ist=0.0 nop=10
   
 (0.0662140235305 0.013708715802899 0.999000012875)
 (0.0662088990211 0.013703790363699 0.999000012875)
 (0.0661927238107 0.013688235414099 0.999000012875)
 (0.0661603808403 0.013657124583499 0.999000012875)
 (0.0661388114095 0.013636384961099 0.999000012875)
 (0.066122636199 0.013620830011399 0.999000012875)
 (0.0660309791565 0.013532684054999 0.999000012875)
 (0.0660255849361 0.013527499382299 0.999000012875)
 (0.066014803946 0.013517129105399 0.999000012875)
 (0.0659986287355 0.013501574155699 0.999000012875)
// l_rel_soll=0.05 l_rel_ist=0.0493075152805 nop=10
   
 (0.0667200908065 0.018495638725199 0.999000012875)
 (0.0667131543159 0.018498438280899 0.999000012875)
 (0.0666992813349 0.018504037392199 0.999000012875)
 (0.0666854083538 0.018509636503499 0.999000012875)
 (0.0666299164295 0.018532031086099 0.999000012875)
 (0.0665882974863 0.018548826557499 0.999000012875)
 (0.0665744170547 0.018554425668799 0.999000012875)
 (0.0665258616209 0.018574020695699 0.999000012875)
 (0.0664911791682 0.018588018473999 0.999000012875)
 (0.066449560225 0.018604813945299 0.999000012875)
// l_rel_soll=0.1 l_rel_ist=0.0998274757105 nop=10
   
 (0.0691480819136 0.023024792001499 0.999000012875)
 (0.0691422000527 0.023028778713999 0.999000012875)
 (0.0691298171878 0.023037169930399 0.999000012875)
 (0.0690493062139 0.023091715630899 0.999000012875)
 (0.0690059587359 0.023121087682299 0.999000012875)
 (0.068993575871 0.023129478898699 0.999000012875)
 (0.0689316466451 0.023171438705999 0.999000012875)
 (0.0689192637801 0.023179829922399 0.999000012875)
 (0.0688882991672 0.023200808894699 0.999000012875)
 (0.0688325688243 0.023238572162399 0.999000012875)
// l_rel_soll=0.2 l_rel_ist=0.199414929192 nop=10
   
 (0.07632641159 0.030105653275599 0.999000012875)
 (0.0763225257397 0.030111602377899 0.999000012875)
 (0.0763143450022 0.030124128666599 0.999000012875)
 (0.0762488916516 0.030224329662399 0.999000012875)
 (0.0761957168579 0.030305744019199 0.999000012875)
 (0.0761875361204 0.030318268445199 0.999000012875)
 (0.0761302635074 0.030405945014999 0.999000012875)
 (0.0760893523693 0.030468569007599 0.999000012875)
 (0.0760648101568 0.030506146010799 0.999000012875)
 (0.0760361775756 0.030549985226999 0.999000012875)
// l_rel_soll=0.3 l_rel_ist=0.298942273977 nop=10
   
 (0.0857462950051 0.033621802423999 0.999000012875)
 (0.0857454314828 0.033628855702299 0.999000012875)
 (0.0857436060905 0.033643704709499 0.999000012875)
 (0.0857089459896 0.033925832119599 0.999000012875)
 (0.0857071205974 0.033940681126799 0.999000012875)
 (0.0856897905469 0.034081746694499 0.999000012875)
 (0.0856870561838 0.034104016479899 0.999000012875)
 (0.0856779366732 0.034178261515599 0.999000012875)
 (0.0856715515256 0.034230233040499 0.999000012875)
 (0.0856642499566 0.034289629068999 0.999000012875)
// l_rel_soll=0.4 l_rel_ist=0.401470281112 nop=10
   
 (0.0959947705269 0.032260087189099 0.999000012875)
 (0.0959975272417 0.032267042306099 0.999000012875)
 (0.0960030406713 0.032280948814799 0.999000012875)
 (0.0961325541139 0.032607794609699 0.999000012875)
 (0.0961380675435 0.032621701118399 0.999000012875)
 (0.0961986929178 0.032774691340399 0.999000012875)
 (0.0962069630623 0.032795556691299 0.999000012875)
 (0.0962372720242 0.032872051802299 0.999000012875)
 (0.0962648317218 0.032941591796299 0.999000012875)
 (0.0962923839688 0.033011131790299 0.999000012875)
// l_rel_soll=0.5 l_rel_ist=0.500314242991 nop=10
   
 (0.104414879903 0.026834108737199 0.999000012875)
 (0.1044196859 0.026839346495299 0.999000012875)
 (0.104429796338 0.026850371491999 0.999000012875)
 (0.104728110135 0.027175619137299 0.999000012875)
 (0.104738220572 0.027186644133999 0.999000012875)
 (0.104864619672 0.027324459385899 0.999000012875)
 (0.104874737561 0.027335486245199 0.999000012875)
 (0.104945518076 0.027412663084299 0.999000012875)
 (0.104996077716 0.027467789930199 0.999000012875)
 (0.105056755245 0.027533941772599 0.999000012875)
// l_rel_soll=0.6 l_rel_ist=0.598870326296 nop=10
   
 (0.110901035368 0.019194950219999 0.999000012875)
 (0.11090721935 0.019199159798099 0.999000012875)
 (0.110925771296 0.019211786669499 0.999000012875)
 (0.11093813926 0.019220205825599 0.999000012875)
 (0.111086539924 0.019321226385299 0.999000012875)
 (0.111519388855 0.019615870770899 0.999000012875)
 (0.1115379408 0.019628497642299 0.999000012875)
 (0.111692532897 0.019733727779999 0.999000012875)
 (0.111791469157 0.019801075440699 0.999000012875)
 (0.111927509308 0.019893676844299 0.999000012875)
// l_rel_soll=0.7 l_rel_ist=0.700852189424 nop=20
   
 (0.116037154197 0.010171177993399 0.999000012875)
 (0.116043552756 0.010174263139099 0.999000012875)
 (0.116057030857 0.010180758182799 0.999000012875)
 (0.116090722382 0.010196994860499 0.999000012875)
 (0.116137899458 0.010219726581899 0.999000012875)
 (0.116252452135 0.010274932590199 0.999000012875)
 (0.116346791387 0.010320396032999 0.999000012875)
 (0.116387225688 0.010339880232599 0.999000012875)
 (0.116454608738 0.010372354519399 0.999000012875)
 (0.116555683315 0.010421065483999 0.999000012875)
 (0.116636551917 0.010460034814499 0.999000012875)
 (0.116650030017 0.010466528926799 0.999000012875)
 (0.116676978767 0.010479519014099 0.999000012875)
 (0.116831965744 0.010554209221999 0.999000012875)
 (0.117337360978 0.010797764976399 0.999000012875)
 (0.117357574403 0.010807506610499 0.999000012875)
 (0.117532774806 0.010891939383799 0.999000012875)
 (0.117552995682 0.010901681949299 0.999000012875)
 (0.117667548358 0.010956887026199 0.999000012875)
 (0.117822535336 0.011031577233999 0.999000012875)
// l_rel_soll=0.75 l_rel_ist=0.748448703723 nop=20
   
 (0.118033477664 0.005751165804319 0.999000012875)
 (0.118040017784 0.005753942170049 0.999000012875)
 (0.118053793907 0.005759787616189 0.999000012875)
 (0.118101991713 0.005780246910509 0.999000012875)
 (0.118439383805 0.005923459176769 0.999000012875)
 (0.118473812938 0.005938073024949 0.999000012875)
 (0.118487581611 0.005943918471089 0.999000012875)
 (0.118563324213 0.005976068192029 0.999000012875)
 (0.118590869009 0.005987759084309 0.999000012875)
 (0.118680380285 0.006025754251379 0.999000012875)
 (0.118852518499 0.006098821629639 0.999000012875)
 (0.118962690234 0.006145585198749 0.999000012875)
 (0.118976458907 0.006151430179229 0.999000012875)
 (0.119024664164 0.006171889473549 0.999000012875)
 (0.119210571051 0.006250802297939 0.999000012875)
 (0.119775190949 0.006490464192679 0.999000012875)
 (0.119795851409 0.006499232594719 0.999000012875)
 (0.120016187429 0.006592758801629 0.999000012875)
 (0.120133243501 0.006642444860989 0.999000012875)
 (0.120305381715 0.006715512704899 0.999000012875)
// l_rel_soll=0.8 l_rel_ist=0.799446628328 nop=20
   
 (0.119967042655 0.000927583260559 0.999000012875)
 (0.119973681867 0.000930108466049 0.999000012875)
 (0.119987666607 0.000935424571719 0.999000012875)
 (0.120036616921 0.000954031116199 0.999000012875)
 (0.120050594211 0.000959347338279 0.999000012875)
 (0.120099544525 0.000977953882759 0.999000012875)
 (0.120456136763 0.001113515799729 0.999000012875)
 (0.120540037751 0.001145412666589 0.999000012875)
 (0.120568007231 0.001156044994349 0.999000012875)
 (0.12059597671 0.001166677322109 0.999000012875)
 (0.120910614729 0.001286290922069 0.999000012875)
 (0.121050454676 0.001339452444439 0.999000012875)
 (0.121071435511 0.001347426661159 0.999000012875)
 (0.121085420251 0.001352742883239 0.999000012875)
 (0.121455997229 0.001493620789479 0.999000012875)
 (0.122204139829 0.001778035295059 0.999000012875)
 (0.122239105403 0.001791325501029 0.999000012875)
 (0.122483827174 0.001884358339809 0.999000012875)
 (0.122644640505 0.001945494078899 0.999000012875)
 (0.12288236618 0.002035868690219 0.999000012875)
// l_rel_soll=0.85 l_rel_ist=0.850445861454 nop=20
 (0.121747839078 -0.003954793828681 0.999000012875)
 (0.121754541993 -0.003952434183231 0.999000012875)
 (0.121768653393 -0.003947466275791 0.999000012875)
 (0.121810987592 -0.003932563019121 0.999000012875)
 (0.121839210391 -0.003922627437061 0.999000012875)
 (0.121937990189 -0.003887852783451 0.999000012875)
 (0.122050881386 -0.003848110455221 0.999000012875)
 (0.122107334435 -0.003828239291111 0.999000012875)
 (0.122135557234 -0.003818303709051 0.999000012875)
 (0.122149668634 -0.003813336034441 0.999000012875)
 (0.122812911868 -0.003579849739691 0.999000012875)
 (0.122848190367 -0.003567430320331 0.999000012875)
 (0.124499239028 -0.002986198653601 0.999000012875)
 (0.124534524977 -0.002973779234241 0.999000012875)
 (0.125007256866 -0.002807358176581 0.999000012875)
 (0.125317707658 -0.002698066773961 0.999000012875)
 (0.125508219004 -0.002631001653281 0.999000012875)
 (0.125677555799 -0.002571388160941 0.999000012875)
 (0.125748112798 -0.002546549205801 0.999000012875)
 (0.125980958343 -0.002464580595631 0.999000012875)
// l_rel_soll=0.9 l_rel_ist=0.901445699803 nop=20
   
 (0.123441107571 -0.008868384304591 0.999000012875)
 (0.123448193073 -0.008865975904411 0.999000012875)
 (0.123462356627 -0.008861160035381 0.999000012875)
 (0.123504847288 -0.008846710565631 0.999000012875)
 (0.123582750559 -0.008820220026321 0.999000012875)
 (0.123618155718 -0.008808178956751 0.999000012875)
 (0.123632319272 -0.008803362156401 0.999000012875)
 (0.123943924904 -0.008697399999151 0.999000012875)
 (0.123979337513 -0.008685358929581 0.999000012875)
 (0.124007664621 -0.008675726260191 0.999000012875)
 (0.124213039875 -0.008605887311641 0.999000012875)
 (0.124255530536 -0.008591437841901 0.999000012875)
 (0.125763997436 -0.008078484925571 0.999000012875)
 (0.126882940531 -0.007697984240151 0.999000012875)
 (0.126897111535 -0.007693167905461 0.999000012875)
 (0.127513244748 -0.007483651991141 0.999000012875)
 (0.127534478903 -0.007476427256261 0.999000012875)
 (0.128285169601 -0.007221154532531 0.999000012875)
 (0.128625109792 -0.007105559705891 0.999000012875)
 (0.1288446486 -0.007030904422651 0.999000012875)
// l_rel_soll=0.95 l_rel_ist=0.950038314752 nop=20
   
 (0.125034868717 -0.013556775766601 0.999000012875)
 (0.125041946769 -0.013554358053201 0.999000012875)
 (0.125056102872 -0.013549523557701 0.999000012875)
 (0.125112742186 -0.013530185575701 0.999000012875)
 (0.12543836236 -0.013418988454301 0.999000012875)
 (0.125466674566 -0.013409318532001 0.999000012875)
 (0.125509157777 -0.013394815045501 0.999000012875)
 (0.126613453031 -0.013017711359201 0.999000012875)
 (0.126641765237 -0.013008042368201 0.999000012875)
 (0.127363815904 -0.012761474716601 0.999000012875)
 (0.127399206161 -0.012749388012201 0.999000012875)
 (0.128907009959 -0.012234497013601 0.999000012875)
 (0.128928244114 -0.012227244804701 0.999000012875)
 (0.128942400217 -0.012222410309301 0.999000012875)
 (0.129374220967 -0.012074953074701 0.999000012875)
 (0.129926368594 -0.011886401231501 0.999000012875)
 (0.129940524697 -0.011881566736001 0.999000012875)
 (0.13060593605 -0.011654337997701 0.999000012875)
 (0.130620092154 -0.011649503502201 0.999000012875)
 (0.131462484598 -0.011361841242001 0.999000012875)
// l_rel_soll=1.0 l_rel_ist=1.0 nop=20
   
 (0.126056290418 -0.018291143830001 0.999000012875)
 (0.126059249043 -0.018297602552101 0.999000012875)
 (0.126068606973 -0.018317998516501 0.999000012875)
 (0.126077964902 -0.018338396343501 0.999000012875)
 (0.126090452075 -0.018365590962701 0.999000012875)
 (0.126134112477 -0.018460775855101 0.999000012875)
 (0.126280710101 -0.018780323806401 0.999000012875)
 (0.126308783889 -0.018841513562101 0.999000012875)
 (0.126514643431 -0.019290239679801 0.999000012875)
 (0.12660510838 -0.019487408119401 0.999000012875)
 (0.127606347203 -0.021669850814301 0.999000012875)
 (0.128554552794 -0.023736712652401 0.999000012875)
 (0.128567039967 -0.023763907271601 0.999000012875)
 (0.128579512239 -0.023791103753401 0.999000012875)
 (0.129555806518 -0.025919153484601 0.999000012875)
 (0.13113720715 -0.029366190674801 0.999000012875)
 (0.13114656508 -0.029386586639201 0.999000012875)
 (0.133289396763 -0.034057422670701 0.999000012875)
 (0.134362384677 -0.036396238151101 0.999000012875)
 (0.135815903544 -0.039564519318901 0.999000012875)
 );
    }
