    Probes_Passage
    {
        type                probes;
        libs                ("libsampling.so");
        writeControl        timeStep;
        writeInterval       2;
        fixedLocations      false;

      
            fields
            (
                U
                p
  gradU
            );
      
        // number of probes     
        
        probeLocations
        (
( 0.04 0.011923702262049 1 )
( 0.045 0.009174527344599 1 )
( 0.05 0.006425352427149 1 )
( 0.055 0.003676177509699 1 )
( 0.06 0.067767002592249 1 )
( 0.065 0.065017827674799 1 )
( 0.07 0.062268652757349 1 )
( 0.075 0.059519477839899 1 )
( 0.08 0.056770302922449 1 )
( 0.085 0.054021128004999 1 )
( 0.09 0.051271953087549 1 )
( 0.095 0.048522778170099 1 )
( 0.1 0.045773603252649 1 )
( 0.105 0.043024428335199 1 )
( 0.11 0.040275253417749 1 )
( 0.115 0.037526078500299 1 )
( 0.12 0.034776903582849 1 )
( 0.125 0.032027728665399 1 )
( 0.13 0.029278553747949 1 )


        );
    }
