    Probes_Inlet
    {
        type                probes;
        libs                ("libsampling.so");
        writeControl        timeStep;
        writeInterval       2;
        fixedLocations      false;

            fields
            (
                U
                p
  gradU
            );
      
        // number of probes     
        
        probeLocations
        (
( 0.006 0.014417827674799 1 )
( 0.0075 0.014417827674799 1 )
( 0.01 0.014417827674799 1 )
( 0.0125 0.014417827674799 1 )
( 0.015 0.014417827674799 1 )
( 0.0175 0.014417827674799 1 )
( 0.02 0.014417827674799 1 )
( 0.0225 0.014417827674799 1 )
( 0.025 0.014417827674799 1 )
( 0.0275 0.014417827674799 1 )
( 0.03 0.014417827674799 1 )
( 0.0325 0.014417827674799 1 )
( 0.035 0.014417827674799 1 )
( 0.0375 0.014417827674799 1 )
( 0.04 0.014417827674799 1 )
( 0.0425 0.014417827674799 1 )
( 0.045 0.014417827674799 1 )
( 0.0475 0.014417827674799 1 )
( 0.05 0.014417827674799 1 )
( 0.0525 0.014417827674799 1 )
( 0.055 0.014417827674799 1 )
( 0.0575 0.014417827674799 1 )
( 0.06 0.014417827674799 1 )
( 0.0625 0.014417827674799 1 )
( 0.0645 0.014417827674799 1 )

        );
    }
