0 3 52 343 149
1 3 51 351 76
2 3 6 325 68
3 3 387 90 58
4 3 50 108 405
5 3 84 8 290
6 3 49 262 191
7 3 4 225 289
8 3 83 216 190
9 3 386 271 87
10 3 3 117 194
11 3 48 163 293
12 3 215 344 281
13 3 261 236 182
14 3 107 352 69
15 3 162 172 384
16 3 2 326 88
17 3 132 128 192
18 3 240 370 291
19 3 100 300 125
20 3 1 118 97
21 3 46 318 233
22 3 363 204 388
23 3 311 173 61
24 3 337 226 99
25 3 399 272 98
26 3 0 273 45
27 3 81 174 63
28 3 102 119 183
29 3 310 353 282
30 3 362 9 234
31 3 398 92 126
32 3 336 227 62
33 3 60 345 82
34 3 383 130 47
35 3 333 319 346
36 3 395 327 389
37 3 359 237 70
38 3 307 238 385
39 3 101 301 294
40 3 361 274 364
41 3 397 228 312
42 3 335 129 283
43 3 309 371 284
44 3 59 175 320
45 3 332 391 184
46 3 358 328 185
47 3 306 329 338
48 3 394 120 93
49 3 396 355 71
50 3 360 302 241
51 3 334 303 133
52 3 308 390 64
53 3 96 354 285
54 3 382 205 186
55 3 305 229 313
56 3 393 176 95
57 3 331 275 94
58 3 357 209 339
59 3 74 121 322
60 3 28 277 321
61 3 29 123 347
62 3 91 178 295
63 3 392 230 365
64 3 356 131 296
65 3 330 239 348
66 3 304 231 242
67 3 78 122 314
68 3 73 276 138
69 3 27 177 134
70 3 23 206 366
71 3 24 140 246
72 4 187 232 340 146
73 4 286 207 85 372
74 4 77 197 53 147
75 4 375 124 5 401
76 3 35 210 65
77 4 26 179 89 255
78 3 38 278 54
79 4 402 12 244 374
80 4 34 265 297 213
81 4 37 111 139 211
82 4 31 166 341 158
83 4 373 219 315 105
84 4 56 141 243 180
85 4 20 198 135 279
86 4 19 150 136 257
87 4 145 220 349 106
88 4 32 208 247 381
89 4 33 266 7 57
90 4 30 112 367 80
91 4 400 167 378 193
92 4 18 267 323 287
93 4 55 221 86 75
94 4 15 168 66 160
95 4 16 113 195 79
96 4 144 248 109 280
97 4 21 222 342 103
98 4 22 114 298 259
99 4 17 268 324 181
100 4 42 169 368 212
101 4 44 151 164 67
102 4 253 170 350 260
103 4 254 199 217 214
104 4 11 115 316 258
105 4 143 223 218 104
106 4 155 269 110 159
107 4 41 249 245 256
108 4 43 171 263 403
109 4 36 250 235 377
110 4 252 270 127 189
111 4 10 224 379 161
112 4 202 116 369 404
113 4 39 14 264 148
114 4 157 13 165 188
115 4 40 152 299 380
116 4 142 156 317 72
117 4 25 200 203 292
118 4 153 251 137 376
119 4 154 201 196 288
