113.095669626674 58.9539550854367 0.0
113.096413727723 58.9844017743094 0.0
113.096094801367 59.014855884634 0.0
113.09471323617 59.0452803127681 0.0
113.092270715355 59.0756379912325 0.0
113.088770214759 59.1058919338724 0.0
113.084215999202 59.1360052809188 0.0
113.078613617294 59.165941343897 0.0
113.071969894674 59.1956636503256 0.0
113.064292925696 59.2251359881525 0.0
113.055592063563 59.254322449874 0.0
113.045877908935 59.2831874762823 0.0
113.035162297014 59.311695899789 0.0
113.023458283122 59.3398129872714 0.0
113.010780126797 59.3675044823897 0.0
112.99714327442 59.3947366473224 0.0
112.982564340395 59.4214763038715 0.0
112.967061086906 59.4476908738843 0.0
112.950652402281 59.4733484189455 0.0
112.933358277975 59.4984176792884 0.0
112.915199784213 59.5228681118811 0.0
112.896199044323 59.5466699276376 0.0
112.876379207779 59.5697941277121 0.0
112.855764422001 59.5922125388285 0.0
112.834379802928 59.6138978476063 0.0
112.812251404425 59.6348236338371 0.0
112.789406186537 59.6549644026737 0.0
112.765871982643 59.6742956156918 0.0
112.741677465545 59.692793720786 0.0
112.716852112535 59.7104361808648 0.0
112.691426169483 59.727201501308 0.0
112.665430613982 59.7430692561553 0.0
112.638897117614 59.7580201129916 0.0
112.611858007355 59.7720358565009 0.0
112.584346226198 59.7850994106585 0.0
112.556395293009 59.7971948595362 0.0
112.528039261695 59.8083074666926 0.0
112.499312679713 59.8184236931277 0.0
112.470250545977 59.8275312137777 0.0
112.440888268221 59.8356189325317 0.0
112.411261619857 59.8426769957503 0.0
112.381406696392 59.8486968042706 0.0
112.351359871453 59.8536710238832 0.0
112.321157752467 59.8575935942677 0.0
112.290837136063 59.8604597363764 0.0
112.260434963243 59.8622659582565 0.0
112.260434963243 59.8622659582565 0.0
112.199534164046 59.8626911329493 0.0
109.747254172965 59.8336279126271 0.0
107.296670190881 59.7950433521467 0.0
104.848092331298 59.7451964842444 0.0
102.401839899893 59.6822947370797 0.0
99.9582413945181 59.6044939342358 0.0
97.5176345052013 59.5098982947191 0.0
95.0803661141456 59.3965604329596 0.0
92.6467922957292 59.2624813588107 0.0
90.2172783165051 59.105610477549 0.0
87.7921986352016 58.923845589875 0.0
85.3719369027223 58.7150328919123 0.0
82.9568859621456 58.476966975208 0.0
80.5474478487253 58.2073908267327 0.0
78.1440337898901 57.9039958288804 0.0
75.7470642052441 57.5644217594685 0.0
73.3569687065663 57.186256791738 0.0
70.9741860978108 56.767037494353 0.0
68.5991643751071 56.3042488314015 0.0
66.2323607267595 55.7953241623946 0.0
63.8742415332476 55.2376452422669 0.0
61.5252823672261 54.6285422213765 0.0
59.185967993525 53.965293645505 0.0
56.856792369149 53.2451264558572 0.0
54.5382586432783 52.4652159890616 0.0
52.2308791572681 51.62268597717 0.0
49.9351754446487 50.7146085476576 0.0
47.6516782311256 49.7380042234232 0.0
45.3809274345794 48.6898419227889 0.0
43.1234721650658 47.5670389595003 0.0
40.8798707248156 46.3664610427265 0.0
38.6506906082348 45.0849222770598 0.0
36.4365085019045 43.7191851625161 0.0
34.2379102845809 42.2659605945349 0.0
32.0554910271954 40.7219078639789 0.0
29.8898549928544 39.0836346571343 0.0
27.7416156368395 37.3476970557107 0.0
25.6113956066075 35.5105995368413 0.0
23.4998267417902 33.5687949730826 0.0
21.4075500741946 31.5186846324145 0.0
19.3352158278027 29.3566181782404 0.0
17.2834834187719 27.0788936693873 0.0
15.2530214554345 24.6817575601053 0.0
13.2445077382979 22.1614047000683 0.0
11.2586292600448 19.5139783343733 0.0
9.29608220553296 16.7355701035409 0.0
7.35757195179516 13.8222200435153 0.0
5.44381306803943 10.7699165856639 0.0
3.55552931564889 7.57459655677751 0.0
1.69345364818178 4.2321451790706 0.0
1.69345364818178 4.2321451790706 0.0
1.52548407576326 3.91617326432038 0.0
1.36569675652177 3.61193033443831 0.0
1.21413097613567 3.31947270412366 0.0
1.07082602028332 3.03885668807569 0.0
0.935821174643078 2.77013860099369 0.0
0.809155724893309 2.51337475757691 0.0
0.690868956712373 2.26862147252464 0.0
0.581000155778631 2.03593506053614 0.0
0.479588607770445 1.8153718363107 0.0
0.386673598366177 1.60698811454757 0.0
0.302294413244186 1.41084020994604 0.0
0.226490338082835 1.22698443720538 0.0
0.159300658560485 1.05547711102485 0.0
0.100764660355496 0.89637454610373 0.0
0.0509216291462319 0.749733057141295 0.0
0.00981085061105119 0.615608958836813 0.0
-0.0225283895716837 0.494058565889558 0.0
-0.0460568057236113 0.385138192998803 0.0
-0.0607351121663706 0.288904154863819 0.0
-0.0665240232216003 0.205412766183879 0.0
-0.0633842532109396 0.134720341658255 0.0
-0.0512765164560268 0.0768831959862185 0.0
-0.0301615272785006 0.0319576438670428 0.0
0 0 0.0
0.0392473510578366 -0.0189334209156376 0.0
0.0392473510578366 -0.0189334209156376 0.0
0.0876198115733697 -0.0247863041805988 0.0
0.145156667224961 -0.0175023350956098 0.0
0.211897203690972 0.00297480103860071 0.0
0.287880706649765 0.0367014189213055 0.0
0.373146461779698 0.0837338332517762 0.0
0.467733754759135 0.144128358729286 0.0
0.571681871266437 0.217941310053106 0.0
0.685030096979964 0.305229001922509 0.0
0.807817717578079 0.406047749036768 0.0
0.940084018739141 0.520453866095154 0.0
1.08186828614151 0.648503667796941 0.0
1.23320980546356 0.7902534688414 0.0
1.39414786238363 0.945759583927802 0.0
1.5647217425801 1.11507832775542 0.0
1.74497073173132 1.29826601502353 0.0
1.93493411551566 1.4953789604314 0.0
2.13465117961147 1.7064734786783 0.0
2.34416120969713 1.93160588446351 0.0
2.56350349145098 2.1708324924863 0.0
2.79271731055139 2.42420961744594 0.0
3.03184195267673 2.6917935740417 0.0
3.28091670350535 2.97364067697285 0.0
3.53998084871561 3.26980724093867 0.0
3.80907367398588 3.58034958063843 0.0
3.80907367398588 3.58034958063843 0.0
5.79749870540694 5.94366695581893 0.0
7.79409238033923 8.26112582812326 0.0
9.79910807105664 10.531303773726 0.0
11.8127832862885 12.7528674262328 0.0
13.8353396712194 14.9245724766804 0.0
15.8669830074894 17.0452636735367 0.0
17.907903213194 19.1138748227007 0.0
19.958274342884 21.1294287875024 0.0
22.0182545875654 23.0910374887029 0.0
24.0879862747 24.9979019044946 0.0
26.1675958682045 26.8493120705008 0.0
28.2571939684514 28.6446470797759 0.0
30.3568753122684 30.3833750828055 0.0
32.4667187729384 32.0650532875063 0.0
34.5867873601999 33.6893279592259 0.0
36.7171282202468 35.2559344207433 0.0
38.8577726357283 36.7646970522683 0.0
41.008736025749 38.2155292914421 0.0
43.1700179458687 39.6084336333367 0.0
45.3416020881029 40.9435016304554 0.0
47.5234562809223 42.2209138927325 0.0
49.7155324892529 43.4409400875335 0.0
51.9177668144762 44.6039389396549 0.0
54.1300794944292 45.7103582313243 0.0
56.3523749034039 46.7607348022005 0.0
58.5845415521481 47.7556945493732 0.0
60.8264520878647 48.6959524273635 0.0
63.0779632942121 49.5823124481232 0.0
65.3389160913039 50.4156676810357 0.0
67.6091355357094 51.1970002529149 0.0
69.8884308204531 51.9273813480065 0.0
72.1765952750147 52.6079712079865 0.0
74.4734063653296 53.2400191319627 0.0
76.7786256937884 53.8248634764736 0.0
79.0919989992371 54.363931655489 0.0
81.4132561569771 54.8587401404096 0.0
83.7421111787652 55.3108944600673 0.0
86.0782622128135 55.7220892007252 0.0
88.4213915437895 56.0941080060774 0.0
90.7711655928161 56.428823577249 0.0
93.1272349174717 56.7281976727963 0.0
95.4892342117899 56.9942811087068 0.0
97.8567823062596 57.229213758399 0.0
100.229482167825 57.4352245527223 0.0
102.606920899887 57.6146314799577 0.0
104.9886697423 57.7698415858167 0.0
107.374284071374 57.9033509734424 0.0
109.763303399875 58.0177448034086 0.0
112.155251377026 58.1156972937205 0.0
112.217805442727 58.1179763209571 0.0
112.248259553052 58.1182952473128 0.0
112.278683981186 58.11967681251 0.0
112.30904165965 58.1221193333244 0.0
112.33929560229 58.1256198339206 0.0
112.369408949336 58.1301740494777 0.0
112.399345012315 58.1357764313858 0.0
112.429067318743 58.1424201540054 0.0
112.45853965657 58.1500971229839 0.0
112.487726118292 58.158797985117 0.0
112.5165911447 58.1685121397447 0.0
112.545099568207 58.1792277516658 0.0
112.573216655689 58.1909317655578 0.0
112.600908150807 58.2036099218826 0.0
112.62814031574 58.2172467742597 0.0
112.654879972289 58.2318257082851 0.0
112.681094542302 58.2473289617734 0.0
112.706752087363 58.2637376463982 0.0
112.731821347706 58.281031770705 0.0
112.756271780299 58.2991902644671 0.0
112.780073596055 58.3181910043572 0.0
112.80319779613 58.3380108409004 0.0
112.825616207246 58.3586256266789 0.0
112.847301516024 58.3800102457518 0.0
112.868227302255 58.4021386442547 0.0
112.888368071091 58.4249838621427 0.0
112.907699284109 58.4485180660368 0.0
112.926197389204 58.4727125831347 0.0
112.943839849282 58.4975379361443 0.0
112.960605169726 58.5229638791969 0.0
112.976472924573 58.5489594346976 0.0
112.991423781409 58.5754929310661 0.0
113.005439524919 58.6025320413245 0.0
113.018503079076 58.6300438224818 0.0
113.030598527954 58.6579947556706 0.0
113.04171113511 58.6863507869844 0.0
113.051827361545 58.7150773689669 0.0
113.060934882195 58.7441395027029 0.0
113.069022600949 58.7735017804591 0.0
113.076080664168 58.8031284288231 0.0
113.082100472688 58.8329833522874 0.0
113.087074692301 58.8630301772266 0.0
113.090997262685 58.8932322962128 0.0
113.093863404794 58.9235529126164 0.0
113.095669626674 58.9539550854367 0.0
