70.13376 0.00169 0
70.101073769355 0.031433090594159 0
70.078304638423 0.07007548161866 0
70.047268417167 0.14805171419267 0
70.03787615021 0.18700706075338 0
70.022879329501 0.26948091150284 0
70.017735911669 0.31307262162902 0
70.010994651036 0.37905608211119 0
70.008890485821 0.40142616055619 0
70.004981747483 0.43486481827677 0
70.003555766769 0.44597721501759 0
70.00059759962 0.4825924404329 0
70.001270229277 0.50829088216953 0
70.000834558411 0.55068433217481 0
70.000257277599 0.56744872306565 0
69.999659287117 0.60661884418755 0
69.999884981596 0.62906132712596 0
70.001565917882 0.68086590852697 0
70.003387080236 0.71017411985106 0
70.007550794816 0.77848277605799 0
70.009870175347 0.8175337988779 0
70.014629557802 0.8726039362677 0
70.016217001465 0.88882609892213 0
70.022254925138 0.94265812316117 0
70.027721489317 0.98028011694322 0
70.039240809791 1.0572947072465 0
70.045309280228 1.0966733728864 0
70.087671506898 1.3560402731693 0
70.134794507033 1.5750117755804 0
70.324402814293 2.320979466915 0
70.506357902255 2.8363729043517 0
70.810799386252 3.6249111286594 0
70.923085630887 3.9024557852362 0
71.14516874908 4.4375866204612 0
71.254644589885 4.6952861843154 0
71.508400412226 5.2566759892375 0
71.655248053369 5.559167627944 0
71.936209957485 6.1346049346854 0
72.070200929655 6.4076133675703 0
72.350303209107 6.9615861411737 0
72.496686512467 7.2424137619546 0
72.795436067022 7.807583298587 0
72.947862969471 8.0918932798862 0
73.56312826519 9.2210984648264 0
74.04111678563 10.057699689648 0
74.857621848342 11.44244263012 0
75.189886418705 11.994333140514 0
75.879003826614 13.113698079376 0
76.236307466058 13.680898093446 0
76.941537811829 14.785170419325 0
77.289154247751 15.322441880558 0
78.174969570917 16.667761512081 0
78.718728801614 17.472098815269 0
79.465818353989 18.559672131079 0
79.663875261833 18.84634989911 0
80.048977131413 19.39743577728 0
80.235818771132 19.661994106443 0
80.79781520229 20.454111508217 0
81.174708413744 20.980496173816 0
81.946472199599 22.043090623255 0
82.341548355383 22.579149224834 0
83.320849297383 23.891960302976 0
83.908572270143 24.666129326985 0
84.905960112558 25.955614110661 0
85.311881471501 26.473843313417 0
86.136690895498 27.514151961962 0
86.555682258449 28.036150331305 0
88.016816905303 29.834590594927 0
89.074457046228 31.098311417274 0
90.563272417628 32.825532675787 0
90.978877880117 33.302281075478 0
91.610722163893 34.018622071096 0
91.824953525641 34.260053028236 0
92.26619765827 34.756340624853 0
92.493239019128 35.011173382753 0
92.942341695485 35.509299980768 0
93.164298457873 35.752685091497 0
93.615550886672 36.246222563778 0
93.844865061366 36.496356413603 0
94.743455972159 37.470148557366 0
95.418738687981 38.188199866834 0
97.937823484906 40.823888144445 0
99.81781606647 42.707056383897 0
102.21940469758 45.010543087083 0
102.70363995892 45.469963042074 0
103.66004417728 46.367928328332 0
104.13204825405 46.806644561096 0
105.07716840084 47.676347627065 0
105.55025646306 48.107366392257 0
106.76768895775 49.207645288002 0
107.51458557191 49.874216406166 0
108.51215278745 50.748108000871 0
108.75744728033 50.961695632435 0
109.23876253308 51.38110931213 0
109.47478921565 51.586928871622 0
109.96946632485 52.0134256571 0
110.22832441645 52.233867186935 0
110.73717565376 52.667253235965 0
110.98717094067 52.880197799949 0
111.7484034199 53.524393271883 0
112.26180843346 53.953118218453 0
113.05195483488 54.612999706194 0
113.32873457353 54.844160457185 0
113.85873432429 55.278757051152 0
114.11156145818 55.482664780249 0
114.58195169958 55.870232218887 0
114.80001388073 56.053282672298 0
115.30705292524 56.466279938272 0
115.59784644263 56.693997766394 0
116.1396986968 57.125109207419 0
116.39117867706 57.327983322242 0
117.15544766055 57.939604485007 0
117.67063715885 58.345210582363 0
118.44204154521 58.948887029292 0
118.69724783603 59.148010344859 0
119.20900708214 59.546263419149 0
119.46556157393 59.745390608778 0
119.98958731383 60.148650772547 0
120.25711943391 60.352706335172 0
121.0882362605 60.986781368273 0
121.65173716024 61.416908313741 0
122.44228301232 62.008158059542 0
122.66579769422 62.173986256885 0
123.14982287216 62.532473144466 0
123.41037978285 62.725064902256 0
124.21831013724 63.318010730377 0
124.76795857758 63.715413634739 0
125.8599391388 64.491409627031 0
126.40211985182 64.870224989134 0
127.69112667319 65.752087052988 0
128.44120733684 66.250641721022 0
129.24088517055 66.727603185146 0
129.26748807356 66.743409802477 0
129.33184388281 66.780962234409 0
129.36972234023 66.802503156753 0
129.44933195133 66.847877651368 0
129.49105722054 66.871718372163 0
129.60078115165 66.934352655185 0
129.66878693562 66.973113099201 0
129.76940076277 67.029108963514 0
129.80171400171 67.046890008504 0
129.87086515009 67.084450719464 0
129.90773361228 67.104181914979 0
130.01298895911 67.15937532623 0
130.08177047718 67.194091225232 0
130.17621280816 67.237485607486 0
130.20085416776 67.248426007646 0
130.24891247703 67.270148558284 0
130.27233416979 67.280915297796 0
130.31813893985 67.299726157794 0
130.34046287268 67.307916187644 0
130.38811818397 67.327522379715 0
130.41331780099 67.339250084678 0
130.45981036095 67.359607796609 0
130.48101832012 67.368421369768 0
130.51950109807 67.379006511421 0
130.53636812048 67.382012075499 0
130.57287960643 67.385821844502 0
130.59255022544 67.386213760184 0
130.63726436212 67.383566271724 0
130.66223722888 67.379514497373 0
130.78067512072 67.344783714071 0
130.86359085093 67.2709963911 0
130.92762863822 67.12588171451 0
130.93622272613 67.065410043522 0
130.92437554732 66.961851816059 0
130.91006775759 66.917929014584 0
130.86783513086 66.841796633951 0
130.84131199024 66.808875120028 0
130.79232968829 66.770545962412 0
130.77424924699 66.759561381652 0
130.74516802887 66.738498534911 0
130.7336217385 66.729060155236 0
130.71846848409 66.719686565029 0
130.7160834305 66.718287994038 0
130.71143511059 66.714235776154 0
130.70933099116 66.711364996101 0
130.70278188643 66.706424951444 0
130.69770316364 66.705350922231 0
130.69166753861 66.702348959273 0
130.69019949573 66.701449778633 0
130.68389404583 66.697730388747 0
130.6789922296 66.695195532788 0
130.61917109861 66.664470211916 0
130.5630082309 66.637771537296 0
130.31891891769 66.511770675958 0
130.1418246517 66.393444692498 0
129.93173440207 66.253617198525 0
129.89849444597 66.231510275717 0
129.50414443478 65.967689926335 0
129.14985808982 65.715196849991 0
128.51347953382 65.234935680697 0
128.22917271442 65.010029916126 0
127.65683904603 64.551829969497 0
127.3688743689 64.318461285102 0
126.81308936058 63.854527778489 0
126.54495792075 63.624345472666 0
125.99655086311 63.147269597793 0
125.7164605906 62.900174672785 0
124.90731496012 62.174972263272 0
124.38339247742 61.691051639169 0
123.35222006993 60.717981884016 0
122.84484605407 60.228963025388 0
121.83759584124 59.241378251571 0
121.33773577557 58.742795918455 0
120.1163521863 57.506038613006 0
119.39914200263 56.763618610267 0
118.21362218822 55.514270725548 0
117.74160607502 55.010850052717 0
116.8007267955 54.000193465542 0
116.33186663449 53.49295468374 0
115.6299361883 52.725160748758 0
115.3947656398 52.466484970132 0
114.92951675793 51.953718960628 0
114.69942870974 51.699637888468 0
113.78885132519 50.690717519573 0
113.11170537222 49.932908836394 0
111.51840739264 48.137026075501 0
110.60455293478 47.096889646989 0
108.57869945666 44.778074131633 0
107.46816127854 43.498142399302 0
105.47461179375 41.190798478457 0
104.59064393573 40.164232051788 0
102.60889581324 37.861552182228 0
101.511269932 36.585316441852 0
99.979356974259 34.801920774443 0
99.544419401237 34.295334302466 0
98.667634295577 33.275573238709 0
98.225776633279 32.762407660339 0
96.664562602748 30.948018728708 0
95.546100476073 29.645957239865 0
93.554401935127 27.331537577222 0
92.681612883049 26.31876666416 0
90.709183845849 24.027055270078 0
89.60991213913 22.747774481152 0
87.613063730196 20.418796111556 0
86.715021284526 19.369487582265 0
84.717507455355 17.026036309513 0
83.619116698769 15.730980947703 0
82.084119492487 13.907844101862 0
81.6436509834 13.383144901764 0
80.765144244099 12.331852092197 0
80.327106013884 11.805258482727 0
79.441626073578 10.73667183343 0
78.994235920751 10.194634326468 0
77.877444269888 8.8347328556432 0
77.209714394777 8.0154453074624 0
76.117624158177 6.6632596488817 0
75.691083909933 6.1320280044731 0
74.848236537114 5.0788105925111 0
74.431895718372 4.5568530186234 0
73.599487129783 3.5068228960933 0
73.183440073199 2.9787328374922 0
72.549879088515 2.1846854075918 0
72.334680221446 1.9167153706971 0
71.77409442682 1.2295804963845 0
71.42552971168 0.81278543828929 0
71.026601338918 0.3859751843227 0
70.998363062834 0.35601537548494 0
70.960409998838 0.31767787457791 0
70.951345208622 0.30865978482159 0
70.923680362528 0.28182228374494 0
70.904729262567 0.26434783778526 0
70.878224954777 0.23976451495881 0
70.870564071124 0.23264170030393 0
70.852902279998 0.21656338636121 0
70.842822140121 0.2076256824356 0
70.819774206753 0.18697940099858 0
70.806915195937 0.17529988250986 0
70.778103887096 0.15152135355506 0
70.761967609196 0.13957285518276 0
70.671029915065 0.072150561169936 0
70.597484564594 0.017295017207108 0
70.459355490199 -0.056129814733535 0
70.399625019559 -0.080697979175736 0
70.307579150923 -0.08055067944005 0
70.27720966389 -0.07485395489863 0
70.205472302409 -0.052185969926958 0
70.166141225155 -0.031017980741666 0
